,cluster_id,curvature,x,y,z,average_potential
0,1,-15.16,31.073091743119267,21.47068501529052,-30.260599388379205,-12.548309785932723
1,2,-11.76,34.469115966386546,23.728438655462185,-34.21723529411764,-10.420709915966386
2,3,-13.4,36.774801418439715,21.645820330969265,-41.25067139479904,-10.369952245862883
3,4,20.14,36.139338028169014,13.934521126760563,-44.210084507042254,-8.376251643192488
4,5,-18.79,26.96591416309013,18.99157939914163,-37.86190557939914,-10.326852360515023
5,6,-12.8,55.16057185185185,24.03741185185185,-47.017399999999995,-9.811982074074075
6,7,13.23,44.8699913899139,20.532230012300126,-45.17634563345634,-7.451430996309963
7,8,-13.05,65.04652410383189,22.880244746600745,-42.45568108776267,-11.068905933250926
8,9,16.21,68.91025974025975,23.691571428571425,-35.51311363636364,-10.695486363636364
9,10,12.6,73.03195433070866,22.169538582677163,-29.469714960629922,-10.73442031496063
10,11,15.72,71.06724595469257,20.97287055016181,-20.85021359223301,-10.172071197411004
11,12,-12.8,70.7882462562396,15.190787021630616,-16.747114808652245,-9.27725224625624
12,13,-19.71,48.96940888888888,11.319711111111111,-10.372364444444445,-10.379122222222222
13,14,13.46,53.88415760869565,5.656532608695653,-12.312190217391306,-9.79421847826087
14,15,14.32,62.8587182320442,15.027196132596684,-13.187486187845304,-7.368209944751381
15,16,13.66,59.75015853658537,9.864836236933797,-11.12986236933798,-10.388351393728222
16,17,-13.19,15.129906609195402,27.927672413793108,35.187744252873564,-10.56096120689655
17,18,18.92,9.184840909090909,29.022127272727275,37.597336363636366,-6.846677727272727
18,19,13.59,10.796307692307693,24.816898686679178,31.16347842401501,-13.847084427767355
19,20,12.62,11.993741706161137,22.161649289099525,25.05508056872038,-18.419315639810424
20,21,18.6,17.783576779026216,20.870359550561798,20.28736329588015,-18.371725468164794
21,22,-13.23,14.86235135135135,15.284263063063062,24.70532972972973,-23.946806846846847
22,23,18.07,38.34917333333333,36.26423666666667,12.075700000000001,-9.868181
23,24,-5.54,45.54947630331754,37.873502369668245,13.253312796208531,-7.576690047393366
24,25,12.58,42.015597249508836,21.640880157170926,24.395972495088408,-9.74579390962672
25,26,17.79,44.42588721804511,33.85566165413534,20.532947368421052,-8.535521804511278
26,27,17.53,45.77688953488372,28.325566860465113,24.358502906976746,-12.698136337209304
27,28,12.57,33.49858544839255,30.073737732656518,-3.0299035532994925,-17.573350253807103
28,29,-15.25,36.3798112244898,35.29682908163265,4.923142857142857,-12.649970663265307
29,30,-13.02,31.70099303944315,30.64624129930394,3.598870069605568,-14.932811832946635
30,31,18.18,39.99130633802818,16.710633802816904,21.100595070422532,-10.105279225352113
31,32,-12.98,33.87139042357274,17.20196685082873,19.422930018416206,-14.247946593001842
32,33,21.97,33.025975490196075,21.464818627450978,11.582813725490197,-16.7329612745098
33,34,-12.39,28.429318770226537,14.52863430420712,13.369101941747573,-30.131988349514565
34,35,-14.59,11.148632135306555,32.68408245243129,-20.592995771670193,-18.893284566596197
35,36,-14.79,14.582041825095057,32.007783269961976,-13.132912547528518,-23.815664258555135
36,37,13.25,16.389090692124103,27.823536992840094,-17.193178997613366,-26.765667064439143
37,38,14.32,28.512973737373738,32.79775757575757,-9.983107070707073,-14.360318383838383
38,39,14.06,27.719730769230768,26.589350961538464,-10.374341346153845,-21.2686625
39,40,14.41,26.158091653027824,25.123759410801963,-26.063144026186578,-15.60314124386252
40,41,19.77,32.68593697478991,30.42373109243697,-25.09396638655462,-10.742288235294119
41,42,13.81,27.22421729490022,27.49639246119734,-18.14623725055432,-20.447368957871397
42,43,-12.71,8.25821206581353,16.840036563071298,-29.428811700182816,-22.850260694698356
43,44,17.07,11.41512839506173,8.060624691358024,-30.24804197530865,-29.72541901234568
44,45,12.13,9.547119178082191,11.583842465753424,-22.249586301369863,-59.79737328767124
45,46,15.3,13.397108921161827,13.159156639004149,-6.051567427385892,-203.8488387966805
46,47,20.01,12.966022922636103,21.687776504297997,-13.060750716332377,-58.29020573065904
47,48,13.01,10.974392523364488,24.0422523364486,-6.535207943925235,-39.04589929906542
48,49,-9.01,3.71071164021164,26.617497354497356,-10.411690476190477,-36.64625238095238
49,50,17.6,-1.2921437500000001,26.6390625,-14.2463,-28.558444791666663
50,51,11.4,-6.756826714801444,22.2061678700361,-14.702716606498196,-53.469727436823106
51,52,16.92,11.097436582109479,21.411826435246994,-23.030943925233643,-35.31984526034713
52,53,-17.04,6.93940099009901,11.768529702970296,-10.885004950495048,-160.87283613861388
53,54,13.2,2.6575509915014166,17.776181303116147,-13.175567988668556,-134.2387035410765
54,55,11.79,38.5796604708798,-7.404775712515489,-15.73029491945477,-18.13443258983891
55,56,13.74,43.402992518703236,-3.025925187032419,-16.51061596009975,-13.269195760598505
56,57,-13.22,47.03853810623556,2.672796766743649,-16.820159353348732,-12.21243833718245
57,58,-20.71,42.3005625,0.25130416666666666,-7.9489833333333335,-10.650742916666667
58,59,16.63,51.59872537313434,-0.4939522388059701,-9.375689552238805,-6.967628955223882
59,60,-8.68,8.550057894736842,-13.324021052631581,-18.869500000000006,-57.98352263157894
60,61,12.04,14.11001841620626,-12.709725598526703,-14.145576427255985,-79.92164419889502
61,62,17.6,20.871558823529412,-15.01954248366013,-22.105013071895424,-31.043540522875816
62,63,-18.88,18.787984894259818,-6.729616314199396,-23.20758610271903,-48.99279607250755
63,64,14.17,17.632569672131147,-10.475118852459017,-19.87295218579235,-64.9770094262295
64,65,11.7,27.146280808080807,-8.834709090909092,-9.194670707070705,-44.24196
65,66,17.0,24.136483146067416,-13.100811797752806,-3.293620786516854,-32.971489044943816
66,67,-18.67,19.521552500000002,-11.7166075,-9.5359725,-78.23988250000001
67,68,11.13,24.445092803030303,-16.87127083333333,-14.655503787878787,-30.067508901515154
68,69,15.28,32.278187861271675,-12.031973988439306,-16.08087572254335,-31.776897398843932
69,70,12.96,28.110844856661046,-14.13204215851602,-20.217785834738617,-30.27480404721754
70,71,11.06,14.035022058823529,10.164848039215686,-15.812664215686278,-109.02226960784313
71,72,27.71,20.97116339869281,16.013366013071895,-10.573771241830064,-51.38843006535948
72,73,-12.22,21.56957109004739,13.330760663507107,-17.70167061611374,-47.14438791469195
73,74,-9.41,28.27595857988166,-0.06928402366863899,-7.976443786982247,-48.07738165680473
74,75,19.85,29.775011952191235,4.995637450199203,-3.181067729083665,-33.24870358565737
75,76,-15.97,24.167747609942637,10.11834416826004,-6.439678776290631,-103.8839810707457
76,77,-16.44,24.812009146341467,12.25895731707317,-2.2114908536585367,-73.95404298780487
77,78,-16.09,17.57883213429257,-3.35616067146283,-12.418709832134292,-163.1056424460432
78,79,-8.22,24.153450592885378,-2.6937628458498026,-14.838928853754942,-69.5419
79,80,-15.53,12.331287790697674,2.1338982558139534,-15.911732558139535,-117.69442877906975
80,81,15.25,18.003245161290323,-0.14923225806451612,-22.311393548387098,-53.99906193548387
81,82,14.16,18.823162291169453,5.296677804295943,-22.334613365155136,-67.51719665871121
82,83,16.32,27.760482632541134,0.26936380255941506,-23.5368281535649,-26.78251882998172
83,84,8.1,30.89508728179551,3.588683291770573,-17.91606733167082,-39.22117506234414
84,85,12.43,27.636961182994455,9.29285582255083,-22.464637707948242,-31.469869316081333
85,86,18.39,30.085322674418602,8.754424418604652,-13.229319767441861,-32.514590116279074
86,87,-12.34,11.422786531130876,36.261252858958066,-7.85243710292249,-20.66596963151207
87,88,12.26,7.755838915470495,41.25081180223286,-1.2890653907496012,-15.867841626794258
88,89,14.09,2.4970709876543213,47.24402469135803,4.386473765432098,-11.992409259259258
89,90,14.98,-3.325933701657459,52.38911878453039,5.403220994475138,-9.92686270718232
90,91,15.05,-8.413171919770773,56.122790830945554,5.178154727793696,-9.72555329512894
91,92,-13.67,-17.592349999999996,57.15668103448276,6.269501724137931,-10.194725000000002
92,93,16.02,-26.337944852941177,54.93950367647059,11.414139705882352,-9.727441911764705
93,94,15.28,-30.089257053291536,55.38019122257053,19.850181818181813,-11.014102821316616
94,95,14.83,-29.350605633802818,56.56765352112676,26.714540845070424,-9.576744788732395
95,96,16.89,-27.296735802469136,60.638632098765434,32.68902222222222,-10.366413333333332
96,97,-13.39,-18.617832307692307,62.43918153846154,36.00940461538462,-10.20797353846154
97,98,15.73,-1.750962427745665,56.931560693641615,39.60520231213873,-7.789134971098266
98,99,15.3,-8.74363582966226,60.85863289280471,37.783377386196776,-5.130621439060206
99,100,-15.05,14.929282674772038,35.7100547112462,40.83900303951368,-9.903601215805471
100,101,14.07,12.29527078384798,42.331085510688844,40.26389073634205,-9.286890736342043
101,102,15.42,8.9865698005698,47.853931623931636,39.0862905982906,-6.442405128205128
102,103,-13.83,4.999044814340589,53.49043277848912,40.39131241997439,-6.826528425096031
103,104,12.46,-3.5034942528735633,-17.560335249042144,-3.712310344827586,-83.40655249042145
104,105,-3.78,-10.613882716049384,-23.63250617283951,-4.403141975308642,-59.345844444444445
105,106,-18.01,-11.745897810218977,-15.384277372262774,0.5557080291970803,-105.57071386861314
106,107,19.18,-15.5599325,-14.115562500000001,-17.10811,-34.1101275
107,108,3.75,-19.87899756097561,-10.696229268292685,-9.98629268292683,-46.03412926829269
108,109,-20.0,-14.056950704225352,-28.67104225352113,2.6171619718309858,-29.71974929577465
109,110,16.51,-18.295633898305084,-24.128722033898306,-1.318857627118644,-42.292380677966094
110,111,-16.24,-7.54558981233244,-35.316230563002684,-4.849,-17.72759544235925
111,112,-6.72,-10.950597173144876,-30.257102473498232,-4.843858657243817,-33.75272932862191
112,113,17.04,-21.151569230769233,-33.553792307692305,0.200025641025641,-19.658425128205128
113,114,19.59,-17.009431707317074,-34.285968292682924,-8.033734146341462,-19.272162926829267
114,115,14.75,-14.722548165137615,-38.81720871559633,-1.8371674311926605,-14.319695183486239
115,116,16.61,-11.767953658536586,-29.28058048780488,-13.848660975609755,-22.029470243902438
116,117,7.77,-16.906374396135266,-21.58259178743961,-11.750393719806764,-37.17703260869565
117,118,9.32,-21.13476565656566,-30.581804040404037,-9.782854545454548,-28.406516565656563
118,119,18.38,-24.705561904761904,-20.886569047619048,-4.443430952380953,-26.68284761904762
119,120,13.76,-25.68344212962963,-28.332469907407408,-2.8992407407407406,-19.3850974537037
120,121,-11.71,4.172702290076336,-15.64247709923664,-11.093717557251908,-74.8237641221374
121,122,-5.31,8.63655,-14.130060714285714,-6.546407142857142,-66.90049392857142
122,123,12.81,-4.8620953150242325,-23.579058158319874,-10.018022617124394,-46.91763667205169
123,124,17.05,2.1539854014598543,-22.153031630170318,-12.30332603406326,-33.81917883211678
124,125,14.61,2.667357913669065,-18.96665287769784,-21.78260251798561,-30.042444064748203
125,126,3.13,-5.375724264705883,-12.237180147058822,-19.347841911764704,-57.177235294117644
126,127,-16.02,-5.3495,-17.622905027932962,-15.643449720670393,-55.08866620111732
127,128,17.51,-2.253723926380368,-8.02729754601227,-24.906521472392637,-31.768991411042943
128,129,13.94,4.015987012987014,-9.483805194805194,-23.91547186147186,-41.04241168831169
129,130,-12.36,9.189321854304636,0.7487735099337749,-28.100460927152316,-40.167298145695355
130,131,15.3,13.587573426573428,-6.225937062937064,-28.188107226107228,-31.497555477855478
131,132,-22.96,13.56525283018868,-5.12662641509434,-18.02238490566038,-90.49040566037736
132,133,17.42,7.1435666666666675,-4.821233333333334,-20.273133333333337,-77.35117888888887
133,134,-5.62,-12.553478260869566,-4.943829192546584,-15.879875776397515,-55.703635093167705
134,135,16.05,-7.323490909090909,-1.60114025974026,-20.502805194805195,-44.06825064935065
135,136,-2.21,-11.007434146341463,3.3800731707317073,-15.161058536585367,-65.75694390243903
136,137,22.56,-6.784489082969432,15.16580349344978,-16.911563318777294,-45.5506729257642
137,138,4.19,-7.841660377358491,9.027037735849058,-15.217556603773588,-62.46274433962265
138,139,-17.81,6.560983263598326,5.751882845188285,-14.817916317991632,-138.45548117154812
139,140,17.53,2.491944751381215,10.324453038674033,-17.387621546961324,-90.42570027624309
140,141,20.11,-2.7506687697160883,4.350782334384857,-21.97218927444795,-48.20293343848581
141,142,-11.85,2.0923033707865173,0.8369691011235956,-21.957283707865166,-67.50260028089887
142,143,12.72,-8.260593023255815,-15.663508305647841,13.022827242524917,-66.90336112956811
143,144,-8.78,-0.004965277777777777,-9.437708333333333,13.388677083333333,-127.88205520833334
144,145,-15.0,6.21265988372093,-10.25534011627907,8.71259011627907,-138.21113255813952
145,146,14.08,-4.426925531914893,-13.750255319148938,3.3796968085106385,-132.86117446808512
146,147,9.59,-6.190036945812809,-8.343704433497537,4.8754039408867,-232.5842396551724
147,148,-16.8,-0.24694555353901998,-5.582535390199637,3.4552921960072593,-299.45180762250453
148,149,11.13,-4.042866666666667,-0.6211051851851852,4.897994074074075,-454.19662933333336
149,150,16.53,-5.650850467289719,-13.761471962616822,20.66067757009346,-44.83140911214953
150,151,7.89,-0.09748475609756097,-9.842164634146341,22.060320121951218,-49.11237164634146
151,152,8.45,2.6742118644067796,3.4110847457627123,25.983508474576272,-37.800287711864414
152,153,17.69,-4.059207236842106,2.0974473684210526,30.503749999999997,-25.51906414473684
153,154,10.62,-10.978646884272997,1.109759643916914,29.465875370919882,-23.278061721068248
154,155,18.15,-12.77798652291105,-4.420385444743935,22.8613423180593,-42.33930646900269
155,156,-9.22,-1.6094239631336407,-4.224658986175115,27.57646082949309,-38.076018894009216
156,157,11.66,-6.134570247933885,-8.415650137741048,27.31394214876033,-28.805905509641875
157,158,15.85,-14.663942675159232,6.89267515923567,21.9818025477707,-33.22027452229299
158,159,5.37,-8.574338394793925,9.475054229934925,23.320757049891537,-39.51066616052061
159,160,12.47,7.236885931558936,11.024121673003803,20.038315589353616,-54.81304372623574
160,161,14.01,5.048183520599252,16.111970037453183,14.017970037453182,-48.74372359550562
161,162,-6.2,-5.755836206896552,15.923606321839083,13.969344827586205,-64.5812051724138
162,163,17.4,-1.680804295942721,13.000546539379476,20.30188066825776,-47.62900238663485
163,164,5.19,-19.607935897435897,-15.385958333333333,2.60538141025641,-50.2075298076923
164,165,11.92,-15.966724452554743,-14.575587591240875,8.882556569343066,-61.65576459854014
165,166,16.29,-26.283925925925924,-12.675449382716051,-3.0259358024691356,-35.24066666666666
166,167,17.28,-26.003833333333333,-9.831796803652967,4.985732876712329,-33.6451703196347
167,168,13.65,-27.489941544885173,4.480933194154489,10.26534655532359,-40.927899164926934
168,169,-0.32,-25.735315625,-0.794715625,5.078465625,-49.01163218749999
169,170,16.68,-17.13928253968254,-12.923574603174602,15.970139682539683,-40.12027841269842
170,171,14.51,-23.481694570135748,-8.233269230769231,17.163264705882355,-27.563769457013578
171,172,6.04,-20.511913333333336,-2.809586666666667,16.98063,-45.32670366666667
172,173,-2.18,-18.438970588235293,11.075436974789918,-2.6369999999999996,-46.36615504201681
173,174,8.53,-14.898868525896415,10.167601593625497,-8.880007968127488,-41.818001992031874
174,175,15.36,-19.132409411764705,1.3478282352941175,-10.535858823529411,-51.560108235294116
175,176,12.7,-24.027650574712645,-0.1841379310344827,-3.6293471264367816,-49.015078160919536
176,177,-10.53,-29.523483787289234,13.9974046692607,11.120770428015563,-17.613289883268482
177,178,16.98,-23.66208064516129,7.680610215053763,3.0664838709677418,-61.655521236559146
178,179,12.5,-20.47422962962963,10.498951111111111,8.656312592592593,-80.23057614814815
179,180,-2.46,-20.382456790123456,4.9326388888888895,17.371422839506174,-44.1507438271605
180,181,-14.29,-14.72528712871287,13.606341584158415,15.764715346534652,-50.74931930693069
181,182,13.15,-22.59608540925267,13.42644128113879,16.55750355871886,-29.963973487544482
182,183,13.48,10.984866279069768,-4.533619186046511,27.95563372093023,-31.071266279069768
183,184,-9.73,6.701473821989528,-5.56638219895288,21.91175654450262,-57.49474764397906
184,185,-13.83,10.041693670886074,-12.555288607594937,16.758562025316454,-39.87314253164557
185,186,-11.83,14.26029856115108,-6.807079136690647,17.389661870503595,-52.99755611510792
186,187,-18.52,8.693931623931622,4.266931623931624,23.162149572649568,-48.57388247863247
187,188,5.06,14.0703971291866,5.414282296650718,18.693464114832537,-58.42262392344497
188,189,26.87,19.81976865671642,0.2265820895522388,33.766,-17.763260447761194
189,190,11.98,17.611430957683744,0.4941670378619154,26.95439866369711,-25.946733964365254
190,191,-9.54,9.491583673469389,-14.509322448979592,-1.1168122448979594,-61.47524163265306
191,192,10.84,5.5123052959501555,-13.871535825545172,3.6658535825545173,-87.92825202492212
192,193,19.5,14.541043010752688,-13.308172043010753,8.2847311827957,-37.480980645161296
193,194,6.97,17.561391025641026,-11.703365384615385,-0.1045160256410256,-57.91719967948717
194,195,-13.26,25.81866077738516,-4.826123674911662,0.0750318021201414,-46.612987279151945
195,196,11.97,22.07078818443804,5.5216181556195965,3.38321181556196,-109.54307363112395
196,197,14.04,18.059143109540635,-0.01478798586572439,13.948611307420492,-76.20005477031802
197,198,12.58,20.547347692307692,-8.057341538461538,8.947867692307693,-55.00203723076923
198,199,18.2,26.395323782234954,-1.523111747851003,8.20595988538682,-33.490865329512886
199,200,14.25,20.060309278350516,12.71148797250859,7.57601202749141,-95.20905807560136
200,201,19.47,14.574273936170211,10.905784574468084,14.815462765957445,-61.93786010638298
201,202,-11.61,13.309139813581892,15.97724900133156,12.457918774966712,-80.87808082556592
202,203,-14.56,23.90186225895317,19.156228650137738,8.290104683195592,-28.262259228650144
203,204,-10.62,23.118553539019963,19.703308529945556,2.119686025408348,-54.172416878402906
204,205,19.71,20.228608076009504,21.57612826603325,-5.093401425178148,-40.87680688836105
205,206,-16.7,14.522196428571428,20.260196428571426,3.9345267857142856,-65.21383794642857
206,207,17.0,12.953794871794871,13.521276923076925,0.6861589743589743,-219.20595589743593
207,208,-0.65,5.957512376237624,22.301566831683164,-0.09762623762376238,-44.69983688118812
208,209,-21.04,6.35726923076923,17.966278846153845,6.389096153846154,-55.650759615384615
209,210,20.85,-0.6740287356321839,17.909103448275864,6.917775862068965,-72.94867040229884
210,211,-8.98,-11.890580188679245,13.827134433962264,5.776483490566038,-79.76556603773585
211,212,12.91,-4.707082079343365,10.161340629274966,3.881682626538988,-223.59069069767443
212,213,-20.08,1.1157928436911488,19.74010922787194,-5.254235404896422,-200.30166704331452
213,214,5.88,-3.0603469387755102,19.72608673469388,-0.6978571428571428,-59.59847908163265
214,215,21.58,-8.381298050139275,23.64674651810585,-6.66349582172702,-34.25199331476323
215,216,3.78,-7.950798226164079,16.101745011086475,-6.259017738359201,-86.47373946784921
